iterations,number,c_time,c_clusters,py_time,py_clusters
,0,1,2.14576721191e-06,1,7.15255737305e-06,0
,1,101,0.000132083892822,101,0.0183408260345,101
,2,201,0.000259160995483,201,0.0721700191498,201
,3,301,0.000421047210693,301,0.162696123123,301
,4,401,0.000574111938477,401,0.290852069855,401
,5,501,0.000730991363525,501,0.455513954163,501
,6,601,0.000891923904419,601,0.655623912811,601
,7,701,0.00128793716431,701,0.891746044159,701
,8,801,0.00165700912476,801,1.16655611992,801
,9,901,0.00378012657166,901,1.47703790665,901
,10,1001,0.00204610824585,1001,1.84104394913,1001
,11,1101,0.0017991065979,1101,2.20697307587,1101
,12,1201,0.00242805480957,1201,2.64223098755,1201
,13,1301,0.00657510757446,1301,3.09469199181,1301
,14,1401,0.00512385368347,1401,3.59721016884,1401
,15,1501,0.00690197944641,1501,4.12036299706,1501
,16,1601,0.00785183906555,1601,4.72065806389,1601
,17,1701,0.00562906265259,1701,5.31211996078,1701
,18,1801,0.00666308403015,1801,6.00174808502,1801
,19,1901,0.00598788261414,1901,6.63982486725,1901
,20,2001,0.00336289405823,2001,7.3928129673,2001
,21,2101,0.00469303131104,2101,8.17520308495,2101
,22,2201,0.0127201080322,2201,8.94994902611,2201
,23,2301,0.0173180103302,2301,9.76751208305,2301
,24,2401,0.0044801235199,2401,10.699452877,2401
,25,2501,0.0105531215668,2501,11.604295969,2501
,26,2601,0.0225780010223,2601,12.6571829319,2601
,27,2701,0.00955414772034,2701,13.507573843,2701
,28,2801,0.00887680053711,2801,14.5888280869,2801
,29,2901,0.00774884223938,2901,15.6061599255,2901
,30,3001,0.00514888763428,3001,16.8447799683,3001
,31,3101,0.00615406036377,3101,17.9490308762,3101
,32,3201,0.00874400138855,3201,19.2893340588,3201
,33,3301,0.00647187232971,3301,21.035533905,3301
,34,3401,0.00676107406616,3401,21.6978008747,3401
,35,3501,0.00696897506714,3501,22.9590580463,3501
,36,3601,0.00722002983093,3601,28.231607914,3601
,37,3701,0.00719904899597,3701,28.3153641224,3701
,38,3801,0.0110540390015,3801,28.0448849201,3801
,39,3901,0.00714588165283,3901,28.615049839,3901
,40,4001,0.00778484344482,4001,30.3228468895,4001
,41,4101,0.00810408592224,4101,30.8473210335,4101
,42,4201,0.00807309150696,4201,32.344399929,4201
,43,4301,0.00825500488281,4301,34.5325119495,4301
,44,4401,0.00863599777222,4401,35.6014111042,4401
,45,4501,0.00854015350342,4501,37.6485478878,4501
,46,4601,0.00852203369141,4601,38.9973509312,4601
,47,4701,0.00939106941223,4701,41.156265974,4701
,48,4801,0.0103948116302,4801,42.8571491241,4801
,49,4901,0.00965905189514,4901,45.5762598515,4901
